1
2
3
4
5
6
7
8
9
10
11
12
13
14
15
16
17
18
19
20
20
22
23
23
25
26
26
28
29
29
29
33
33
33
36
36
36
39
39
40
40
40
44
44
45
46
47
48
49
50
50
50
55
55
55
56
56
58
59
59
59
59
66
66
66
66
66
69
69
70
70
70
70
77
77
77
77
78
79
80
80
80
80
80
88
88
88
88
89
89
89
89
89
89
99
99
99
99
99
100
100
100
100
100
100
110
110
110
110
110
111
112
113
114
115
116
117
118
119
120
120
122
123
123
125
126
126
128
129
129
129
133
133
133
136
136
136
139
139
140
140
140
144
144
145
146
147
148
149
150
150
150
155
155
155
156
156
158
159
159
159
159
166
166
166
166
166
169
169
170
170
170
170
177
177
177
177
178
179
180
180
180
180
180
188
188
188
188
189
189
189
189
189
189
199
199
199
199
199
200